750
691
875
310 318
734
852
870
884 885
525 527
971
902 903
380
967 968
880
922
842
592
978
722
827
919 920
639
849
693
863
266 269
959
914
1
28
871 872
94 95
285 288
474 475
114 115
808 810
179
191 195
861 862
71 72
125
951
570
241
329
347
98
140
46 47
675 676
243 244
423
756
620 622
48
688
714 715
200 204
259 262
368 371
718
254
181
22
775
401 402
313
472
86 88
559
302
367
997
289 290
496 498
103
286
78
442
765 769
610
118 119
9
60
197
654
109
820
677
144 146
252 253
202
599 600
745
451
740 744
993 995
49 51
816 817
277
361
778
332
387
138 143
14
13
606
91 93
832 833
539
210
245
148
411
96 97
457
415 417
217
553 558
512 513
452 454
168 169
40 44
481 482
936
635 636
41
433
34
20 26
581 582
284
564 566
131 133
359 363
409 410
196
436
337 338
102 104
320
913
638
937 940
27 30
343 344
153 155
231 234
161 162
438 443
281
335 336
660 661
422 424
127
76 79
17
990 991
279
145
768
226 227
105 108
947 949
339 341
38
183 185
805 806
77
6 8
510 511
11
298
19
391
908
712
431
211
87
223 224
484 487
413 414
416
596
567
23
958 960
961 965
193
994
916 918
729
746
106
644
309
536
147 150
929 930
66 67
627
723
499
532
149
546
203
21
860
866 868
572 573
840 841
113
494 495
583 585
899
111
80 82
771
560
216
476 478
45
375 376
364
956 957
403 405
255
247
671
328
795 796
543 544
629
626
893
10 12
156 157
537 542
855
25
602
29
912 915
668 670
52 53
466 469
818 824
483
154
70
246 248
228
450
81
462
707
857 858
964
605
516
4
167
799
265
823
460
35
358
233
455 458
873 876
99 101
550
139
802
575
970
470 471
198 199
173 175
330 331
394 395
421
116 117
812
777
209
214 215
681 683
509
557
218 221
315
3
576
62
0 2
996 999
738
39
90
314
272
609 612
507
430
333
208
645
569
434 437
5
652
73
800 801
716 717
249 250
83
617 619
260
24
761
251
663
480
222
514
92
31 32
151 152
844
263 264
497
230
159
370
404
238 242
319
220
121
201
724
189
123 124
530
382 383
134 137
982 984
788 789
187
774 781
825 828
500
647
561
275
533
728
504
166
296
479
50
365 366
921
485
803
312
43
459 461
283
732
565
846 847
287
15 18
261
924
89
300
393
225
836
706
888
702
348
439
923
932 934
299
386 388
129 130
453
240
112
74
100
826
493
551
270 273
735 737
407 408
297 304
325
464 465
541
942
381
848
120
889
316
736
301
488
126 128
594
830
502
468
158 160
351
107
212
624 625
311
447 449
372 373
759 760
352
171 172
180 182
834 835
177
292
648
743
977 979
176
614
7
963
779
345 350
588
84 85
975
705 709
506
334
356
933
142
75
616
755
184
178
839
63
505
278
219
741
611
235
519
720 721
811
110
293
400
229
256 257
303
267
692
324 327
274
377
271 280
784
549
323
135
853 856
850
16
213
597
321 322
163 165
353 355
815
467
194
425
342
360
473
369
545 547
879 881
680
398 399
428 432
628 630
694
258
406
446
490 492
650
762 763
555
615 618
54 55
864
239
389
232
317
357
787
531
649
441
894 897
501 503
584
684 685
412
236 237
987
64 65
730
308
641
992
42
753 758
906
164
463
727
613
305
665 666
690
797 798
939
526
456
174
704
656
508
574
807
205
662 664
586 587
695 696
378
294
517 518
554
186
276
132
429
326
667
837 838
607 608
170
268
435
420
623
397
950
898 901
785
122
141
985 988
362
440
719
962
444 445
952 953
595 598
637 643
809
710 711
813 814
349
528 529
822
713
604
577 578
657 659
878
829
804
726 731
725
907
739
36 37
340
859
579 580
57 58
384 385
540
346
591
556
733
515
678
747
621
520
867
767
489
910 911
651 653
869
887
56
593
969
192
642
538
640
742
790
646
679
819
658
396
136
673 674
523 524
568 571
926
754
601 603
354
905
931
792
486
682
448
877
821
589 590
379
687
282
669
865
306 307
701 703
891 892
521 522
748
33
477
672
686 689
831
708
886
697 698
973 974
188 190
534 535
895
944
793 794
655
941 943
59 61
390 392
751 752
935
757
791
882 883
896
764
955
780
633 634
917
874
766
890
843
851
786
374
418 419
900
749 750
548 552
772
927 928
925
938
998
954
972
845
983
966
491
976
776
699 700
562 563
986
948
854
206 207
426 427
989
68 69
291 295
631 632
945 946
770 773
782 783
904 909
980 981